 3938.3208     14.9154      5.4430    160.1974     19.1048      8.5000     48.7781
 3938.4732     14.9512      5.4414    160.1478     19.1023      8.5000     48.1436
 3938.6256     14.9440      5.5279    159.8763     18.7465      8.5000     45.6999
 3938.7780     14.9415      5.5564    159.7867     18.6292      8.5000     45.5625
 3938.9304     15.1809      5.9235    159.9374     18.6312      8.5000     44.8309
 3939.0828     15.2532      6.0344    159.9829     18.6318      8.5000     45.4491
 3939.2352     15.2439      6.0262    159.8357     18.6393      8.5000     44.9416
 3939.3876     15.2414      6.0238    159.7952     18.6414      8.5000     45.5880
 3939.5400     15.1775      6.0154    159.8713     18.8035      8.5000     46.6232
 3939.6924     15.1614      6.0133    159.8903     18.8440      8.5000     47.3575
 3939.8448     15.0875      5.7124    159.9264     19.2349      8.5000     47.7435
 3939.9972     15.0707      5.6446    159.9346     19.3231      8.5000     50.0216
 3940.1496     14.9953      5.7013    160.1041     19.1413      8.5000     46.9234
 3940.3020     14.9778      5.7897    160.0581     19.0588      8.5000     49.1899
 3940.4544     14.9756      5.8638    159.9810     19.0149      8.5000     49.9913
 3940.6068     14.9702      5.9797    159.9463     18.5888      8.5000     48.2883
 3940.7592     14.9674      6.0149    159.9845     18.2562      8.5000     48.9173
 3940.9116     14.9610      6.0746    159.9759     17.9766      8.5000     51.1482
 3941.0640     14.9583      6.0920    159.9365     18.0379      8.5000     53.3449
 3941.2164     14.9295      6.0644    159.9033     18.5843      8.5000     53.4489
 3941.3688     14.9109      6.0305    159.9113     18.9270      8.5000     54.3964
 3941.5212     14.9142      5.9696    159.8374     18.8079      8.5000     56.8273
 3941.6736     14.9307      5.9564    159.7831     18.4641      8.5000     54.0779
 3941.8260     14.9710      6.0494    159.7439     18.0713      8.5000     48.5512
 3941.9784     14.9823      6.1140    159.7614     18.0968      8.5000     49.4218
 3942.1308     14.9709      6.4562    159.9019     18.1256      8.5000     53.2045
 3942.2832     14.9568      6.5912    159.9638     18.1227      8.5000     57.8838
 3942.4356     14.9626      6.6202    159.8380     18.1850      8.5000     60.9258
 3942.5880     14.9750      6.5414    159.7360     18.2168      8.5000     61.2859
 3942.7404     14.9912      6.2104    159.6660     18.2042      8.5000     63.4084
 3942.8928     14.9897      6.1217    159.7036     18.1779      8.5000     66.2950
 3943.0452     14.9829      5.9679    159.9030     18.4160      8.5000     70.8360
 3943.1976     14.9813      5.9660    159.9546     18.5226      8.5000     69.3544
 3943.3500     14.9738      6.0529    160.0586     18.9539      8.5000     62.1955
 3943.5024     14.9691      6.1450    160.0690     19.1946      8.5000     56.6649
 3943.6548     14.9803      6.4742    160.0398     19.3671      8.5000     58.5578
 3943.8072     15.0033      7.1592    159.9796     19.7324      8.5000     61.4622
 3943.9596     14.9994      6.9743    159.9412     19.4986      8.5000     63.5796
 3944.1120     14.9929      6.6328    159.8555     19.0300      8.5000     70.2728
 3944.2644     14.9903      6.4043    159.8821     18.9525      8.5000     72.8209
 3944.4168     14.9838      5.8671    159.9292     18.7272      8.5000     72.8633
 3944.5692     14.9813      5.2399    160.0869     18.9983      8.5000     73.6312
 3944.7216     14.9744      3.7578    160.4447     19.5604      8.5000     77.0553
 3944.8740     14.9721      3.5205    160.2660     19.5236      8.5000     77.8639
 3945.0264     14.9653      2.6561    159.9403     19.5644      8.5000     82.0481
 3945.1788     14.9771      2.8596    160.0378     19.6764      8.5000     79.0897
 3945.3312     15.0028      3.0970    160.1755     19.9463      8.5000     77.4315
 3945.4836     14.9962      3.6024    160.0073     19.4443      8.5000     76.8879
 3945.6360     14.9891      4.8706    159.6541     18.3453      8.5000     69.9347
 3945.7884     14.9871      5.0185    159.8528     18.4556      8.5000     65.9991
